{
    "left shoulder": {
        "measure_noise": [
            2.3665008097985663,
            0.3631124212971514,
            0.9318692743427003,
            0.3631124212971514,
            0.9948803423326259,
            0.29260998438411506,
            0.9318692743427003,
            0.29260998438411506,
            6.853120558285387
        ],
        "filter_state_estimate": [
            155.52625679990393,
            -176.8144741704028,
            2278.2649434447203
        ],
        "cov": [
            322.37051235014087,
            36.38431977139806,
            -185.28332710459836,
            36.38431977139806,
            8.964805020635014,
            -36.733357176049616,
            -185.28332710459836,
            -36.733357176049616,
            285.209470721226
        ]
    },
    "left elbow": {
        "measure_noise": [
            5.5472457802293285,
            0.5750689032502031,
            4.491813093377958,
            0.5750689032502031,
            2.3002035815471245,
            1.4531572553313086,
            4.491813093377958,
            1.4531572553313086,
            16.18927406026724
        ],
        "filter_state_estimate": [
            187.32597708808072,
            -19.408918333412373,
            2303.821559155773
        ],
        "cov": [
            308.43795712941943,
            89.4614920827106,
            -96.64760659428607,
            89.4614920827106,
            81.82944454209964,
            -135.83460001429816,
            -96.64760659428607,
            -135.83460001429816,
            319.1377725057464
        ]
    },
    "left hip": {
        "measure_noise": [
            1.224681035501971,
            -0.16432975677022132,
            0.9350327415924372,
            -0.16432975677022132,
            0.8602252218459576,
            0.052800593514402666,
            0.9350327415924372,
            0.052800593514402666,
            2.807724570517653
        ],
        "filter_state_estimate": [
            115.49056095173282,
            189.43330141754583,
            2235.9000124990885
        ],
        "cov": [
            250.26248669773875,
            104.23174295038876,
            -192.08455865422098,
            104.23174295038876,
            72.5465259352761,
            -133.43083612906108,
            -192.08455865422098,
            -133.43083612906108,
            317.7116946093839
        ]
    },
    "right shoulder": {
        "measure_noise": [
            3.3360853799192474,
            1.2363505760368485,
            2.544892798249229,
            1.2363505760368485,
            3.1496962218415883,
            0.09971429038589456,
            2.544892798249229,
            0.09971429038589456,
            9.523017744658425
        ],
        "filter_state_estimate": [
            -45.49612617032424,
            -160.33098547978054,
            2198.8708427956512
        ],
        "cov": [
            232.30425494096338,
            11.680909730099717,
            -268.84563899037516,
            11.680909730099717,
            8.807169762385,
            -45.28128974280658,
            -268.84563899037516,
            -45.28128974280658,
            728.2620910463603
        ]
    },
    "right hip": {
        "measure_noise": [
            1.0083801710288745,
            -0.14670214494128372,
            0.10101433653824046,
            -0.14670214494128372,
            1.147085463735851,
            -0.20371721736724419,
            0.10101433653824046,
            -0.20371721736724419,
            3.180480193985454
        ],
        "filter_state_estimate": [
            -5.9198804959639775,
            192.4966020080454,
            2186.6966736191507
        ],
        "cov": [
            224.93529699308556,
            84.48745239063909,
            -233.24691383471207,
            84.48745239063909,
            65.95248770388937,
            -187.09417793856204,
            -233.24691383471207,
            -187.09417793856204,
            587.8233569014944
        ]
    },
    "WRIST": {
        "measure_noise": [
            42.62740810414856,
            1.4619324463496328,
            26.65438218083495,
            1.4619324463496328,
            15.296229136726964,
            1.3035947371359624,
            26.65438218083495,
            1.3035947371359624,
            23.709820401620746
        ],
        "filter_state_estimate": [
            139.26312116208285,
            29.868830665392668,
            2188.983310165322
        ],
        "cov": [
            463.9769134369679,
            662.3190016329903,
            148.67834382427782,
            662.3190016329903,
            1216.8522139962422,
            301.172633292222,
            148.67834382427782,
            301.172633292222,
            448.766090506822
        ]
    },
    "THUMB_CMC": {
        "measure_noise": [
            61.08166957457633,
            13.521666278522803,
            38.782088264069806,
            13.521666278522803,
            31.87914778630592,
            7.704553599531888,
            38.782088264069806,
            7.704553599531888,
            31.545248866470782
        ],
        "filter_state_estimate": [
            140.14274024510442,
            26.577912828385806,
            2177.3823786676808
        ],
        "cov": [
            386.2110138667837,
            616.6090488662718,
            97.20126384048967,
            616.6090488662718,
            1451.5205644464497,
            381.97339009878414,
            97.20126384048967,
            381.97339009878414,
            509.79976602091966
        ]
    },
    "THUMB_MCP": {
        "measure_noise": [
            61.08166957457633,
            13.521666278522803,
            38.782088264069806,
            13.521666278522803,
            31.87914778630592,
            7.704553599531888,
            38.782088264069806,
            7.704553599531888,
            31.545248866470782
        ],
        "filter_state_estimate": [
            143.49375679185928,
            23.534222540292824,
            2173.871902512095
        ],
        "cov": [
            319.72747905673305,
            520.7514992079397,
            -0.8585586767970406,
            520.7514992079397,
            1785.5131531052034,
            403.2755537532198,
            -0.8585586767970406,
            403.2755537532198,
            532.816138198407
        ]
    },
    "THUMB_IP": {
        "measure_noise": [
            61.08166957457633,
            13.521666278522803,
            38.782088264069806,
            13.521666278522803,
            31.87914778630592,
            7.704553599531888,
            38.782088264069806,
            7.704553599531888,
            31.545248866470782
        ],
        "filter_state_estimate": [
            142.8807558505957,
            22.3775400595965,
            2171.5871174911126
        ],
        "cov": [
            319.61375798327606,
            511.9496502735127,
            -30.7525953355734,
            511.9496502735127,
            2164.9714395269884,
            486.10876304861586,
            -30.7525953355734,
            486.10876304861586,
            598.7847506686267
        ]
    },
    "THUMB_TIP": {
        "measure_noise": [
            61.08166957457633,
            13.521666278522803,
            38.782088264069806,
            13.521666278522803,
            31.87914778630592,
            7.704553599531888,
            38.782088264069806,
            7.704553599531888,
            31.545248866470782
        ],
        "filter_state_estimate": [
            140.6450852472782,
            21.257058036256215,
            2168.333797807264
        ],
        "cov": [
            345.7868024224133,
            504.3354508209871,
            -36.98549998178616,
            504.3354508209871,
            2527.3087298656556,
            526.5985273109436,
            -36.98549998178616,
            526.5985273109436,
            665.2943508483526
        ]
    },
    "INDEX_FINGER_MCP": {
        "measure_noise": [
            61.08166957457633,
            13.521666278522803,
            38.782088264069806,
            13.521666278522803,
            31.87914778630592,
            7.704553599531888,
            38.782088264069806,
            7.704553599531888,
            31.545248866470782
        ],
        "filter_state_estimate": [
            133.12856523596,
            36.299105900134506,
            2152.607361920907
        ],
        "cov": [
            443.9791144085035,
            742.7997483957292,
            136.07040551130459,
            742.7997483957292,
            1887.9254406977086,
            599.9458868468918,
            136.07040551130459,
            599.9458868468918,
            596.9969709451898
        ]
    },
    "INDEX_FINGER_PIP": {
        "measure_noise": [
            61.08166957457633,
            13.521666278522803,
            38.782088264069806,
            13.521666278522803,
            31.87914778630592,
            7.704553599531888,
            38.782088264069806,
            7.704553599531888,
            31.545248866470782
        ],
        "filter_state_estimate": [
            128.1281674381612,
            35.84534976306276,
            2148.207738223896
        ],
        "cov": [
            449.40366961696753,
            799.4492306099237,
            129.88840588274033,
            799.4492306099237,
            2314.6037826834527,
            718.8649302413482,
            129.88840588274033,
            718.8649302413482,
            672.2053875183228
        ]
    },
    "INDEX_FINGER_DIP": {
        "measure_noise": [
            61.08166957457633,
            13.521666278522803,
            38.782088264069806,
            13.521666278522803,
            31.87914778630592,
            7.704553599531888,
            38.782088264069806,
            7.704553599531888,
            31.545248866470782
        ],
        "filter_state_estimate": [
            122.68285887917708,
            30.373938888644005,
            2144.4790552506583
        ],
        "cov": [
            448.9932964592978,
            839.8217559642674,
            140.5506143566983,
            839.8217559642674,
            2586.477093931214,
            819.0703442231302,
            140.5506143566983,
            819.0703442231302,
            766.0397447776461
        ]
    },
    "INDEX_FINGER_TIP": {
        "measure_noise": [
            61.08166957457633,
            13.521666278522803,
            38.782088264069806,
            13.521666278522803,
            31.87914778630592,
            7.704553599531888,
            38.782088264069806,
            7.704553599531888,
            31.545248866470782
        ],
        "filter_state_estimate": [
            118.0012414366984,
            24.1933822371566,
            2141.118798028788
        ],
        "cov": [
            464.8896977839596,
            889.2825024823508,
            172.39391987166303,
            889.2825024823508,
            2746.5014223458106,
            938.0834340956714,
            172.39391987166303,
            938.0834340956714,
            878.920799228563
        ]
    },
    "MIDDLE_FINGER_MCP": {
        "measure_noise": [
            61.08166957457633,
            13.521666278522803,
            38.782088264069806,
            13.521666278522803,
            31.87914778630592,
            7.704553599531888,
            38.782088264069806,
            7.704553599531888,
            31.545248866470782
        ],
        "filter_state_estimate": [
            121.79447313711432,
            39.726381385786894,
            2142.126723237652
        ],
        "cov": [
            589.6098784633342,
            942.6949754614197,
            317.80841297672333,
            942.6949754614197,
            1922.0232625231852,
            774.9505539694446,
            317.80841297672333,
            774.9505539694446,
            720.2147082989665
        ]
    },
    "MIDDLE_FINGER_PIP": {
        "measure_noise": [
            61.08166957457633,
            13.521666278522803,
            38.782088264069806,
            13.521666278522803,
            31.87914778630592,
            7.704553599531888,
            38.782088264069806,
            7.704553599531888,
            31.545248866470782
        ],
        "filter_state_estimate": [
            113.37458521007315,
            37.55061901008809,
            2132.508421938584
        ],
        "cov": [
            613.2457634772247,
            1057.7433268882248,
            360.07836637445297,
            1057.7433268882248,
            2394.5148611740765,
            976.3679717638038,
            360.07836637445297,
            976.3679717638038,
            855.6472362449825
        ]
    },
    "MIDDLE_FINGER_DIP": {
        "measure_noise": [
            61.08166957457633,
            13.521666278522803,
            38.782088264069806,
            13.521666278522803,
            31.87914778630592,
            7.704553599531888,
            38.782088264069806,
            7.704553599531888,
            31.545248866470782
        ],
        "filter_state_estimate": [
            107.76863327846189,
            29.651520117280086,
            2128.3359854787695
        ],
        "cov": [
            625.7990470523973,
            1132.1949873087347,
            402.79458081967095,
            1132.1949873087347,
            2714.173400076365,
            1138.851322659856,
            402.79458081967095,
            1138.851322659856,
            1005.7413207783857
        ]
    },
    "MIDDLE_FINGER_TIP": {
        "measure_noise": [
            61.08166957457633,
            13.521666278522803,
            38.782088264069806,
            13.521666278522803,
            31.87914778630592,
            7.704553599531888,
            38.782088264069806,
            7.704553599531888,
            31.545248866470782
        ],
        "filter_state_estimate": [
            104.69997486760569,
            20.982425444297522,
            2125.380096857185
        ],
        "cov": [
            620.7530785554424,
            1166.229766393792,
            434.77274069673473,
            1166.229766393792,
            2926.3946002201114,
            1278.4517653170712,
            434.77274069673473,
            1278.4517653170712,
            1139.1017133853154
        ]
    },
    "RING_FINGER_MCP": {
        "measure_noise": [
            61.08166957457633,
            13.521666278522803,
            38.782088264069806,
            13.521666278522803,
            31.87914778630592,
            7.704553599531888,
            38.782088264069806,
            7.704553599531888,
            31.545248866470782
        ],
        "filter_state_estimate": [
            113.36262010441077,
            40.2138917843956,
            2139.0302095814036
        ],
        "cov": [
            731.4376969297631,
            1100.7591015794876,
            462.63797131659095,
            1100.7591015794876,
            1953.086880448684,
            873.7611858104312,
            462.63797131659095,
            873.7611858104312,
            835.0304429536204
        ]
    },
    "RING_FINGER_PIP": {
        "measure_noise": [
            61.08166957457633,
            13.521666278522803,
            38.782088264069806,
            13.521666278522803,
            31.87914778630592,
            7.704553599531888,
            38.782088264069806,
            7.704553599531888,
            31.545248866470782
        ],
        "filter_state_estimate": [
            103.92795729081179,
            37.98785204573417,
            2127.0328352662123
        ],
        "cov": [
            771.3175836987864,
            1256.7496364271888,
            549.7581148761658,
            1256.7496364271888,
            2417.8908682093415,
            1135.7303239885136,
            549.7581148761658,
            1135.7303239885136,
            1026.260469793583
        ]
    },
    "RING_FINGER_DIP": {
        "measure_noise": [
            61.08166957457633,
            13.521666278522803,
            38.782088264069806,
            13.521666278522803,
            31.87914778630592,
            7.704553599531888,
            38.782088264069806,
            7.704553599531888,
            31.545248866470782
        ],
        "filter_state_estimate": [
            99.81488310419394,
            30.689278113317698,
            2122.5070760637464
        ],
        "cov": [
            760.4603814021666,
            1314.2689561800796,
            581.0058204708267,
            1314.2689561800796,
            2716.6221449071636,
            1295.9930090661253,
            581.0058204708267,
            1295.9930090661253,
            1172.3398842492732
        ]
    },
    "RING_FINGER_TIP": {
        "measure_noise": [
            61.08166957457633,
            13.521666278522803,
            38.782088264069806,
            13.521666278522803,
            31.87914778630592,
            7.704553599531888,
            38.782088264069806,
            7.704553599531888,
            31.545248866470782
        ],
        "filter_state_estimate": [
            97.47047906991622,
            22.179355539076557,
            2119.513164623898
        ],
        "cov": [
            746.0240020834883,
            1340.6424267149723,
            598.512073372011,
            1340.6424267149723,
            2930.123985939467,
            1403.9284572891625,
            598.512073372011,
            1403.9284572891625,
            1283.9485069782863
        ]
    },
    "PINKY_MCP": {
        "measure_noise": [
            61.08166957457633,
            13.521666278522803,
            38.782088264069806,
            13.521666278522803,
            31.87914778630592,
            7.704553599531888,
            38.782088264069806,
            7.704553599531888,
            31.545248866470782
        ],
        "filter_state_estimate": [
            107.76059849063562,
            40.8401835790764,
            2141.798206343304
        ],
        "cov": [
            844.5907784714458,
            1204.7445256057658,
            544.0478841542781,
            1204.7445256057658,
            1954.3157418080355,
            893.8139846495965,
            544.0478841542781,
            893.8139846495965,
            891.7029730528432
        ]
    },
    "PINKY_PIP": {
        "measure_noise": [
            61.08166957457633,
            13.521666278522803,
            38.782088264069806,
            13.521666278522803,
            31.87914778630592,
            7.704553599531888,
            38.782088264069806,
            7.704553599531888,
            31.545248866470782
        ],
        "filter_state_estimate": [
            99.77447894751224,
            38.44572274237294,
            2131.9673078029864
        ],
        "cov": [
            898.1356146452355,
            1355.1989419510976,
            633.3105446584705,
            1355.1989419510976,
            2310.509508253413,
            1106.6125067773185,
            633.3105446584705,
            1106.6125067773185,
            1038.113921527949
        ]
    },
    "PINKY_DIP": {
        "measure_noise": [
            61.08166957457633,
            13.521666278522803,
            38.782088264069806,
            13.521666278522803,
            31.87914778630592,
            7.704553599531888,
            38.782088264069806,
            7.704553599531888,
            31.545248866470782
        ],
        "filter_state_estimate": [
            95.5094536910016,
            33.67652723973077,
            2126.8790919770668
        ],
        "cov": [
            889.4674245664704,
            1409.343831378909,
            661.3610167918445,
            1409.343831378909,
            2536.2023193504497,
            1223.3776297815007,
            661.3610167918445,
            1223.3776297815007,
            1138.4417132106485
        ]
    },
    "PINKY_TIP": {
        "measure_noise": [
            61.08166957457633,
            13.521666278522803,
            38.782088264069806,
            13.521666278522803,
            31.87914778630592,
            7.704553599531888,
            38.782088264069806,
            7.704553599531888,
            31.545248866470782
        ],
        "filter_state_estimate": [
            92.26397023209148,
            27.48690928024967,
            2121.265335672918
        ],
        "cov": [
            879.494903179373,
            1435.4417359262222,
            694.5212593750061,
            1435.4417359262222,
            2702.6231875181657,
            1338.4696723508164,
            694.5212593750061,
            1338.4696723508164,
            1241.2436218897303
        ]
    },
    "right elbow": {
        "measure_noise": [
            2.6885327430691004,
            0.1341813972280711,
            0.8090315770285351,
            0.1341813972280711,
            0.6349170831851615,
            -0.09113050903595535,
            0.8090315770285351,
            -0.09113050903595535,
            4.787646651305505
        ],
        "filter_state_estimate": [
            -61.18833514616647,
            9.958569747893339,
            2191.731138282535
        ],
        "cov": [
            184.93913977389255,
            34.61614008531806,
            -186.41261851056655,
            34.61614008531806,
            29.212771613743662,
            -135.63217043521783,
            -186.41261851056655,
            -135.63217043521783,
            776.3538125272979
        ]
    }
}